8:05:33 PM	0.916	0.082	0.955	0.334	0.221	0.708	0.826	0.927	0.603	0.436
8:05:34 PM	0.030	0.414	0.359	0.653	0.296	0.565	0.285	0.621	0.141	0.993
8:05:34 PM	0.308	0.618	0.728	0.580	0.517	0.743	0.414	0.334	0.661	0.653
8:05:35 PM	0.066	0.291	0.577	0.403	0.627	0.323	0.172	0.996	0.352	0.404
8:05:35 PM	0.372	0.544	0.502	0.054	0.680	0.308	0.662	0.355	0.152	0.137
8:05:36 PM	0.663	0.347	0.789	0.232	0.483	0.211	0.036	0.708	0.568	0.446
8:05:36 PM	0.056	0.789	0.277	0.371	0.501	0.153	0.437	0.961	0.550	0.314
8:05:37 PM	0.215	0.576	0.763	0.584	0.450	0.846	0.427	0.418	0.821	0.679
8:05:37 PM	0.169	0.787	0.105	0.165	0.517	0.008	0.607	0.657	0.084	0.407
8:05:38 PM	0.301	0.445	0.303	0.152	0.401	0.396	0.454	0.887	0.096	0.148
